TM = 1
Rcr = 7.0000e+00
Rca = 5.0000e+00
EtaR = [4.3900000e+01]
ShfR = [1.2500000e+00,1.4296875e+00,1.6093750e+00,1.7890625e+00,1.9687500e+00,2.1484375e+00,2.3281250e+00,2.5078125e+00,2.6875000e+00,2.8671875e+00,3.0468750e+00,3.2265625e+00,3.4062500e+00,3.5859375e+00,3.7656250e+00,3.9453125e+00,4.1250000e+00,4.3046875e+00,4.4843750e+00,4.6640625e+00,4.8437500e+00,5.0234375e+00,5.2031250e+00,5.3828125e+00,5.5625000e+00,5.7421875e+00,5.9218750e+00,6.1015625e+00,6.2812500e+00,6.4609375e+00,6.6406250e+00,6.8203125e+00]
Zeta = [6.9400000e+01]
ShfZ = [1.9634954e-01,5.8904862e-01,9.8174770e-01,1.3744468e+00,1.7671459e+00,2.1598449e+00,2.5525440e+00,2.9452431e+00]
EtaA = [6.5000000e+00]
ShfA = [1.2500000e+00,1.7187500e+00,2.1875000e+00,2.6562500e+00,3.1250000e+00,3.5937500e+00,4.0625000e+00,4.5312500e+00]
Atyp = [Al]
